--moneyTypes用的是奖励类型，非货币类型，此项只能配奖励类型，而非道具
--服务端使用sendNotEnoughAward或sendNotEnoughMoney下发提示
--itemIds同为筛选条件，并且作为为显示的奖励，会根据打开途径（比如点单个道具打开的获取途径或角色界面的获取按钮），筛选显示出配置了多个道具中的某几个或全部又或多个道具中的同类型道具

--ZGame获取途径配置
GetPathConfig = 
{
	equipCircleCondition = 6,--装备保守转数条件
	path = 
	{
		{	id = 1,										--【元宝商城】
			moneyTypes = {3,14,},				
			itemIds = {1257,1070,1102,1119,1122,1260,1104,1107,1092,1266},
			title = OldLang.MiscConfig.MoneyTitle001,			
			desc = OldLang.MiscConfig.MoneyTip001,
			level = 200,						--等级限制（作为过滤条件）
			circle = 99,						--转数限制（作为过滤条件）
			isShowAwards = false,					--是否显示配置的奖励数据
			fun = OldLang.MiscConfig.MoneyGet001,
		},
		{	id = 2,										--【充值】	
			moneyTypes = {5,10},
			itemIds = {},
			title = OldLang.MiscConfig.MoneyTitle002,			
			desc = OldLang.MiscConfig.MoneyTip002,
			level = 200,
			circle = 99,
			isShowAwards = false,--是否显示配置
			fun = OldLang.MiscConfig.MoneyGet002,
		},
		{	id = 3,										--寻宝
			moneyTypes = {3,14,30,31,},				
			itemIds = {
			91,92,93,94,95,96,97,98,99,100,101,102,103,104,105,106,107,108,109,110,111,112,113,114,115,116,117,
			118,119,120,121,122,123,124,125,126,127,128,129,130,131,132,133,134,135,136,137,138,139,140,141,142,143,144,
			145,146,147,148,149,150,151,152,153,154,155,156,157,158,159,160,161,162,163,164,165,166,167,168,169,170,171,
			172,173,174,175,176,177,178,179,180,181,182,183,184,185,186,187,188,189,190,191,192,193,194,195,196,197,198,
			199,200,201,202,203,204,205,206,207,208,209,210,211,212,213,214,215,216,217,218,219,220,221,222,223,224,225,
			226,227,228,229,230,231,232,233,234,235,236,237,238,239,240,241,242,243,244,245,246,247,248,249,250,251,252,
			253,254,255,256,257,258,259,260,261,262,263,264,265,266,267,268,269,270,271,272,273,274,275,276,277,278,279,
			1294,1295,1296,1297,1298,1299,1300,1301,1302,1371,1372,1373,1374},						
			title = OldLang.MiscConfig.MoneyTitle007,			
			desc = OldLang.MiscConfig.MoneyTip007,
			level = 200,						--等级限制（作为过滤条件）
			circle = 99,						--转数限制（作为过滤条件）
			isShowAwards = false,					--是否显示配置的奖励数据
			fun = OldLang.MiscConfig.MoneyGet007,
		},
		{	id = 4,										--激战BOSS
			moneyTypes = {},
			itemIds = {
			91,92,93,94,95,96,97,98,99,100,101,102,103,104,105,106,107,108,109,110,111,112,113,114,115,116,117,
			118,119,120,121,122,123,124,125,126,127,128,129,130,131,132,133,134,135,136,137,138,139,140,141,142,143,144,
			145,146,147,148,149,150,151,152,153,154,155,156,157,158,159,160,161,162,163,164,165,166,167,168,169,170,171,
			172,173,174,175,176,177,178,179,180,181,182,183,184,185,186,187,188,189,190,191,192,193,194,195,196,197,198,
			199,200,201,202,203,204,205,206,207,208,209,210,211,212,213,214,215,216,217,218,219,220,221,222,223,224,225,
			226,227,228,229,230,231,232,233,234,235,236,237,238,239,240,241,242,243,244,245,246,247,248,249,250,251,252,
			253,254,255,256,257,258,259,260,261,262,263,264,265,266,267,268,269,270,271,272,273,274,275,276,277,278,279,
			280,281,282,283,284,285,286,287,288,289,290,291,292,293,294,295,296,297,298,299,300,301,302,303,304,305,306,},
			title = OldLang.MiscConfig.MoneyTitle022,
			desc = OldLang.MiscConfig.MoneyTip022,
			level = 200,						--等级限制（作为过滤条件）
			circle = 99,						--转数限制（作为过滤条件）
			isShowAwards = true,					--是否显示配置的奖励数据
			fun = OldLang.MiscConfig.MoneyGet022,
		},
		--[[{	id = 4,										--蝠翼蛇
			moneyTypes = {},
			itemIds = {91,92,93,94,95,96,97,98,99,100,101,102,103,104,105,106,107,108,109,110,111,112,113,114,115,116,117},
			title = OldLang.MiscConfig.MoneyTitle301,
			desc = OldLang.MiscConfig.MoneyTip301,
			level = 200,						--等级限制（作为过滤条件）
			circle = 0,						--转数限制（作为过滤条件）
			isShowAwards = true,					--是否显示配置的奖励数据
			fun = OldLang.MiscConfig.MoneyGet301,
		},
		{	id = 5,										--腐毒魔人
			moneyTypes = {},
			itemIds = {91,92,93,94,95,96,97,98,99,100,101,102,103,104,105,106,107,108,109,110,111,112,113,114,115,116,117},
			title = OldLang.MiscConfig.MoneyTitle302,			
			desc = OldLang.MiscConfig.MoneyTip302,
			level = 200,						--等级限制（作为过滤条件）
			circle = 0,						--转数限制（作为过滤条件）
			isShowAwards = true,					--是否显示配置的奖励数据
			fun = OldLang.MiscConfig.MoneyGet302,
		},
		{	id = 6,										--血眼毒蜥
			moneyTypes = {},
			itemIds = {91,92,93,94,95,96,97,98,99,100,101,102,103,104,105,106,107,108,109,110,111,112,113,114,
			115,116,117,118,119,120,121,122,123,124,125,126,127,128,129,130,131,132,133,134,135,136,137,138,139,140,141,142,143,144},
			title = OldLang.MiscConfig.MoneyTitle303,			
			desc = OldLang.MiscConfig.MoneyTip303,
			level = 200,						--等级限制（作为过滤条件）
			circle = 0,						--转数限制（作为过滤条件）
			isShowAwards = true,					--是否显示配置的奖励数据
			fun = OldLang.MiscConfig.MoneyGet303,
		},
		{	id = 7,										--莽荒兽王
			moneyTypes = {},
			itemIds = {91,92,93,94,95,96,97,98,99,100,101,102,103,104,105,106,107,108,109,110,111,112,113,114,
			115,116,117,118,119,120,121,122,123,124,125,126,127,128,129,130,131,132,133,134,135,136,137,138,139,140,141,142,143,144},
			title = OldLang.MiscConfig.MoneyTitle304,			
			desc = OldLang.MiscConfig.MoneyTip304,
			level = 200,						--等级限制（作为过滤条件）
			circle = 0,						--转数限制（作为过滤条件）
			isShowAwards = true,					--是否显示配置的奖励数据
			fun = OldLang.MiscConfig.MoneyGet304,
		},
		{	id = 8,										--雷蝉之牙
			moneyTypes = {},
			itemIds = {1266,91,92,93,94,95,96,97,98,99,100,101,102,103,104,105,106,107,108,109,110,111,112,113,114,
			115,116,117,118,119,120,121,122,123,124,125,126,127,128,129,130,131,132,133,134,135,136,137,138,139,140,141,142,143,144},
			title = OldLang.MiscConfig.MoneyTitle305,			
			desc = OldLang.MiscConfig.MoneyTip305,
			level = 200,						--等级限制（作为过滤条件）
			circle = 0,						--转数限制（作为过滤条件）
			isShowAwards = true,					--是否显示配置的奖励数据
			fun = OldLang.MiscConfig.MoneyGet305,
		},
		{	id = 9,										--阎凶邪龙
			moneyTypes = {},
			itemIds = {91,92,93,94,95,96,97,98,99,100,101,102,103,104,105,106,107,108,109,110,111,112,113,114,
			115,116,117,118,119,120,121,122,123,124,125,126,127,128,129,130,131,132,133,134,135,136,137,138,139,140,141,142,143,144},
			title = OldLang.MiscConfig.MoneyTitle306,			
			desc = OldLang.MiscConfig.MoneyTip306,
			level = 200,						--等级限制（作为过滤条件）
			circle = 0,						--转数限制（作为过滤条件）
			isShowAwards = true,					--是否显示配置的奖励数据
			fun = OldLang.MiscConfig.MoneyGet306,
		},
		{	id = 10,									--暗化猪王
			moneyTypes = {},
			itemIds = {118,119,120,121,122,123,124,125,126,127,128,129,130,131,132,133,134,135,136,137,138,139,140,141,142,143,144,
			145,146,147,148,149,150,151,152,153,154,155,156,157,158,159,160,161,162,163,164,165,166,167,168,169,170,171},
			title = OldLang.MiscConfig.MoneyTitle307,			
			desc = OldLang.MiscConfig.MoneyTip307,
			level = 200,						--等级限制（作为过滤条件）
			circle = 1,						--转数限制（作为过滤条件）
			isShowAwards = true,					--是否显示配置的奖励数据
			fun = OldLang.MiscConfig.MoneyGet307,
		},
		{	id = 11,									--星牙猪王
			moneyTypes = {},
			itemIds = {91,92,93,94,95,96,97,98,99,100,101,102,103,104,105,106,107,108,109,110,111,112,113,114,
			115,116,117,118,119,120,121,122,123,124,125,126,127,128,129,130,131,132,133,134,135,136,137,138,139,140,141,142,143,144,
			145,146,147,148,149,150,151,152,153,154,155,156,157,158,159,160,161,162,163,164,165,166,167,168,169,170,171},
			title = OldLang.MiscConfig.MoneyTitle308,			
			desc = OldLang.MiscConfig.MoneyTip308,
			level = 200,						--等级限制（作为过滤条件）
			circle = 1,						--转数限制（作为过滤条件）
			isShowAwards = true,					--是否显示配置的奖励数据
			fun = OldLang.MiscConfig.MoneyGet308,
		},
		{	id = 12,									--炼血巫妖
			moneyTypes = {},
			itemIds = {
			118,119,120,121,122,123,124,125,126,127,128,129,130,131,132,133,134,135,136,137,138,139,140,141,142,143,144,
			145,146,147,148,149,150,151,152,153,154,155,156,157,158,159,160,161,162,163,164,165,166,167,168,169,170,171,
			172,173,174,175,176,177,178,179,180,181,182,183,184,185,186,187,188,189,190,191,192,193,194,195,196,197,198},
			title = OldLang.MiscConfig.MoneyTitle309,			
			desc = OldLang.MiscConfig.MoneyTip309,
			level = 200,						--等级限制（作为过滤条件）
			circle = 2,						--转数限制（作为过滤条件）
			isShowAwards = true,					--是否显示配置的奖励数据
			fun = OldLang.MiscConfig.MoneyGet309,
		},
		{	id = 13,									--忌乱之主
			moneyTypes = {},
			itemIds = {118,119,120,121,122,123,124,125,126,127,128,129,130,131,132,133,134,135,136,137,138,139,140,141,142,143,144,
			145,146,147,148,149,150,151,152,153,154,155,156,157,158,159,160,161,162,163,164,165,166,167,168,169,170,171,
			172,173,174,175,176,177,178,179,180,181,182,183,184,185,186,187,188,189,190,191,192,193,194,195,196,197,198},
			title = OldLang.MiscConfig.MoneyTitle310,			
			desc = OldLang.MiscConfig.MoneyTip310,
			level = 200,						--等级限制（作为过滤条件）
			circle = 2,						--转数限制（作为过滤条件）
			isShowAwards = true,					--是否显示配置的奖励数据
			fun = OldLang.MiscConfig.MoneyGet310,
		},
		{	id = 14,									--冥魔守卫
			moneyTypes = {},
			itemIds = {
			118,119,120,121,122,123,124,125,126,127,128,129,130,131,132,133,134,135,136,137,138,139,140,141,142,143,144,
			145,146,147,148,149,150,151,152,153,154,155,156,157,158,159,160,161,162,163,164,165,166,167,168,169,170,171,
			172,173,174,175,176,177,178,179,180,181,182,183,184,185,186,187,188,189,190,191,192,193,194,195,196,197,198},
			title = OldLang.MiscConfig.MoneyTitle311,			
			desc = OldLang.MiscConfig.MoneyTip311,
			level = 200,						--等级限制（作为过滤条件）
			circle = 2,						--转数限制（作为过滤条件）
			isShowAwards = true,					--是否显示配置的奖励数据
			fun = OldLang.MiscConfig.MoneyGet311,
		},
		{	id = 15,									--万妖之母
			moneyTypes = {},
			itemIds = {
			118,119,120,121,122,123,124,125,126,127,128,129,130,131,132,133,134,135,136,137,138,139,140,141,142,143,144,
			145,146,147,148,149,150,151,152,153,154,155,156,157,158,159,160,161,162,163,164,165,166,167,168,169,170,171,
			172,173,174,175,176,177,178,179,180,181,182,183,184,185,186,187,188,189,190,191,192,193,194,195,196,197,198,
			199,200,201,202,203,204,205,206,207,208,209,210,211,212,213,214,215,216,217,218,219,220,221,222,223,224,225,},
			title = OldLang.MiscConfig.MoneyTitle312,
			desc = OldLang.MiscConfig.MoneyTip312,
			level = 200,						--等级限制（作为过滤条件）
			circle = 3,						--转数限制（作为过滤条件）
			isShowAwards = true,					--是否显示配置的奖励数据
			fun = OldLang.MiscConfig.MoneyGet312,
		},
		{	id = 16,									--寒冰魔人
			moneyTypes = {},
			itemIds = {
			118,119,120,121,122,123,124,125,126,127,128,129,130,131,132,133,134,135,136,137,138,139,140,141,142,143,144,
			145,146,147,148,149,150,151,152,153,154,155,156,157,158,159,160,161,162,163,164,165,166,167,168,169,170,171,
			172,173,174,175,176,177,178,179,180,181,182,183,184,185,186,187,188,189,190,191,192,193,194,195,196,197,198,
			199,200,201,202,203,204,205,206,207,208,209,210,211,212,213,214,215,216,217,218,219,220,221,222,223,224,225,},
			title = OldLang.MiscConfig.MoneyTitle313,
			desc = OldLang.MiscConfig.MoneyTip313,
			level = 200,						--等级限制（作为过滤条件）
			circle = 3,						--转数限制（作为过滤条件）
			isShowAwards = true,					--是否显示配置的奖励数据
			fun = OldLang.MiscConfig.MoneyGet313,
		},
		{	id = 17,									--劫火魔人
			moneyTypes = {},
			itemIds = {
			118,119,120,121,122,123,124,125,126,127,128,129,130,131,132,133,134,135,136,137,138,139,140,141,142,143,144,
			145,146,147,148,149,150,151,152,153,154,155,156,157,158,159,160,161,162,163,164,165,166,167,168,169,170,171,
			172,173,174,175,176,177,178,179,180,181,182,183,184,185,186,187,188,189,190,191,192,193,194,195,196,197,198,
			199,200,201,202,203,204,205,206,207,208,209,210,211,212,213,214,215,216,217,218,219,220,221,222,223,224,225,},
			title = OldLang.MiscConfig.MoneyTitle314,
			desc = OldLang.MiscConfig.MoneyTip314,
			level = 200,						--等级限制（作为过滤条件）
			circle = 3,						--转数限制（作为过滤条件）
			isShowAwards = true,					--是否显示配置的奖励数据
			fun = OldLang.MiscConfig.MoneyGet314,
		},
		{	id = 18,									--天牛魔神
			moneyTypes = {},
			itemIds = {
			145,146,147,148,149,150,151,152,153,154,155,156,157,158,159,160,161,162,163,164,165,166,167,168,169,170,171,
			172,173,174,175,176,177,178,179,180,181,182,183,184,185,186,187,188,189,190,191,192,193,194,195,196,197,198,
			199,200,201,202,203,204,205,206,207,208,209,210,211,212,213,214,215,216,217,218,219,220,221,222,223,224,225,},
			title = OldLang.MiscConfig.MoneyTitle315,
			desc = OldLang.MiscConfig.MoneyTip315,
			level = 200,						--等级限制（作为过滤条件）
			circle = 3,						--转数限制（作为过滤条件）
			isShowAwards = true,					--是否显示配置的奖励数据
			fun = OldLang.MiscConfig.MoneyGet315,
		},
		{	id = 19,									--荒冥邪虫
			moneyTypes = {},
			itemIds = {
			118,119,120,121,122,123,124,125,126,127,128,129,130,131,132,133,134,135,136,137,138,139,140,141,142,143,144,
			145,146,147,148,149,150,151,152,153,154,155,156,157,158,159,160,161,162,163,164,165,166,167,168,169,170,171,
			172,173,174,175,176,177,178,179,180,181,182,183,184,185,186,187,188,189,190,191,192,193,194,195,196,197,198,
			199,200,201,202,203,204,205,206,207,208,209,210,211,212,213,214,215,216,217,218,219,220,221,222,223,224,225,},
			title = OldLang.MiscConfig.MoneyTitle316,
			desc = OldLang.MiscConfig.MoneyTip316,
			level = 200,						--等级限制（作为过滤条件）
			circle = 3,						--转数限制（作为过滤条件）
			isShowAwards = true,					--是否显示配置的奖励数据
			fun = OldLang.MiscConfig.MoneyGet316,
		},
		{	id = 20,									--冰冥幽狐
			moneyTypes = {},
			itemIds = {
			145,146,147,148,149,150,151,152,153,154,155,156,157,158,159,160,161,162,163,164,165,166,167,168,169,170,171,
			172,173,174,175,176,177,178,179,180,181,182,183,184,185,186,187,188,189,190,191,192,193,194,195,196,197,198,
			199,200,201,202,203,204,205,206,207,208,209,210,211,212,213,214,215,216,217,218,219,220,221,222,223,224,225,
			226,227,228,229,230,231,232,233,234,235,236,237,238,239,240,241,242,243,244,245,246,247,248,249,250,251,252,},
			title = OldLang.MiscConfig.MoneyTitle317,
			desc = OldLang.MiscConfig.MoneyTip317,
			level = 200,						--等级限制（作为过滤条件）
			circle = 4,						--转数限制（作为过滤条件）
			isShowAwards = true,					--是否显示配置的奖励数据
			fun = OldLang.MiscConfig.MoneyGet317,
		},
		{	id = 21,									--八岐大蛇
			moneyTypes = {},
			itemIds = {
			145,146,147,148,149,150,151,152,153,154,155,156,157,158,159,160,161,162,163,164,165,166,167,168,169,170,171,
			172,173,174,175,176,177,178,179,180,181,182,183,184,185,186,187,188,189,190,191,192,193,194,195,196,197,198,
			199,200,201,202,203,204,205,206,207,208,209,210,211,212,213,214,215,216,217,218,219,220,221,222,223,224,225,
			226,227,228,229,230,231,232,233,234,235,236,237,238,239,240,241,242,243,244,245,246,247,248,249,250,251,252,},
			title = OldLang.MiscConfig.MoneyTitle318,
			desc = OldLang.MiscConfig.MoneyTip318,
			level = 200,						--等级限制（作为过滤条件）
			circle = 4,						--转数限制（作为过滤条件）
			isShowAwards = true,					--是否显示配置的奖励数据
			fun = OldLang.MiscConfig.MoneyGet318,
		},
		{	id = 22,									--暗夜骑士（暗夜天魔）
			moneyTypes = {},
			itemIds = {
			145,146,147,148,149,150,151,152,153,154,155,156,157,158,159,160,161,162,163,164,165,166,167,168,169,170,171,
			172,173,174,175,176,177,178,179,180,181,182,183,184,185,186,187,188,189,190,191,192,193,194,195,196,197,198,
			199,200,201,202,203,204,205,206,207,208,209,210,211,212,213,214,215,216,217,218,219,220,221,222,223,224,225,
			226,227,228,229,230,231,232,233,234,235,236,237,238,239,240,241,242,243,244,245,246,247,248,249,250,251,252,},
			title = OldLang.MiscConfig.MoneyTitle319,
			desc = OldLang.MiscConfig.MoneyTip319,
			level = 200,						--等级限制（作为过滤条件）
			circle = 4,						--转数限制（作为过滤条件）
			isShowAwards = true,					--是否显示配置的奖励数据
			fun = OldLang.MiscConfig.MoneyGet319,
		},
		{	id = 23,									--始祸炎龙
			moneyTypes = {},
			itemIds = {
			145,146,147,148,149,150,151,152,153,154,155,156,157,158,159,160,161,162,163,164,165,166,167,168,169,170,171,
			172,173,174,175,176,177,178,179,180,181,182,183,184,185,186,187,188,189,190,191,192,193,194,195,196,197,198,
			199,200,201,202,203,204,205,206,207,208,209,210,211,212,213,214,215,216,217,218,219,220,221,222,223,224,225,
			226,227,228,229,230,231,232,233,234,235,236,237,238,239,240,241,242,243,244,245,246,247,248,249,250,251,252,
			253,254,255,256,257,258,259,260,261,262,263,264,265,266,267,268,269,270,271,272,273,274,275,276,277,278,279,},
			title = OldLang.MiscConfig.MoneyTitle320,
			desc = OldLang.MiscConfig.MoneyTip320,
			level = 200,						--等级限制（作为过滤条件）
			circle = 5,						--转数限制（作为过滤条件）
			isShowAwards = true,					--是否显示配置的奖励数据
			fun = OldLang.MiscConfig.MoneyGet320,
		},
		{	id = 24,									--远神雕像
			moneyTypes = {},
			itemIds = {
			145,146,147,148,149,150,151,152,153,154,155,156,157,158,159,160,161,162,163,164,165,166,167,168,169,170,171,
			172,173,174,175,176,177,178,179,180,181,182,183,184,185,186,187,188,189,190,191,192,193,194,195,196,197,198,
			199,200,201,202,203,204,205,206,207,208,209,210,211,212,213,214,215,216,217,218,219,220,221,222,223,224,225,
			226,227,228,229,230,231,232,233,234,235,236,237,238,239,240,241,242,243,244,245,246,247,248,249,250,251,252,
			253,254,255,256,257,258,259,260,261,262,263,264,265,266,267,268,269,270,271,272,273,274,275,276,277,278,279,},
			title = OldLang.MiscConfig.MoneyTitle321,
			desc = OldLang.MiscConfig.MoneyTip321,
			level = 200,						--等级限制（作为过滤条件）
			circle = 5,						--转数限制（作为过滤条件）
			isShowAwards = true,					--是否显示配置的奖励数据
			fun = OldLang.MiscConfig.MoneyGet321,
		},
		{	id = 25,									--幻月狐狸
			moneyTypes = {},
			itemIds = {
			91,92,93,94,95,96,97,98,99,100,101,102,103,104,105,106,107,108,109,110,111,112,113,114,115,116,117,
			118,119,120,121,122,123,124,125,126,127,128,129,130,131,132,133,134,135,136,137,138,139,140,141,142,143,144,
			145,146,147,148,149,150,151,152,153,154,155,156,157,158,159,160,161,162,163,164,165,166,167,168,169,170,171,
			172,173,174,175,176,177,178,179,180,181,182,183,184,185,186,187,188,189,190,191,192,193,194,195,196,197,198,
			199,200,201,202,203,204,205,206,207,208,209,210,211,212,213,214,215,216,217,218,219,220,221,222,223,224,225,
			226,227,228,229,230,231,232,233,234,235,236,237,238,239,240,241,242,243,244,245,246,247,248,249,250,251,252,
			253,254,255,256,257,258,259,260,261,262,263,264,265,266,267,268,269,270,271,272,273,274,275,276,277,278,279,},
			title = OldLang.MiscConfig.MoneyTitle322,
			desc = OldLang.MiscConfig.MoneyTip322,
			level = 200,						--等级限制（作为过滤条件）
			circle = 5,						--转数限制（作为过滤条件）
			isShowAwards = true,					--是否显示配置的奖励数据
			fun = OldLang.MiscConfig.MoneyGet322,
		},
		{	id = 26,									--天魔守卫
			moneyTypes = {},
			itemIds = {
			145,146,147,148,149,150,151,152,153,154,155,156,157,158,159,160,161,162,163,164,165,166,167,168,169,170,171,
			172,173,174,175,176,177,178,179,180,181,182,183,184,185,186,187,188,189,190,191,192,193,194,195,196,197,198,
			199,200,201,202,203,204,205,206,207,208,209,210,211,212,213,214,215,216,217,218,219,220,221,222,223,224,225,
			226,227,228,229,230,231,232,233,234,235,236,237,238,239,240,241,242,243,244,245,246,247,248,249,250,251,252,
			253,254,255,256,257,258,259,260,261,262,263,264,265,266,267,268,269,270,271,272,273,274,275,276,277,278,279,
			280,281,282,283,284,285,286,287,288,289,290,291,292,293,294,295,296,297,298,299,300,301,302,303,304,305,306,},
			title = OldLang.MiscConfig.MoneyTitle323,
			desc = OldLang.MiscConfig.MoneyTip323,
			level = 200,						--等级限制（作为过滤条件）
			circle = 99,						--转数限制（作为过滤条件）
			isShowAwards = true,					--是否显示配置的奖励数据
			fun = OldLang.MiscConfig.MoneyGet323,
		},
		{	id = 27,									--万蛇（灭世劫龙）
			moneyTypes = {},
			itemIds = {
			118,119,120,121,122,123,124,125,126,127,128,129,130,131,132,133,134,135,136,137,138,139,140,141,142,143,144,
			145,146,147,148,149,150,151,152,153,154,155,156,157,158,159,160,161,162,163,164,165,166,167,168,169,170,171,
			172,173,174,175,176,177,178,179,180,181,182,183,184,185,186,187,188,189,190,191,192,193,194,195,196,197,198,
			199,200,201,202,203,204,205,206,207,208,209,210,211,212,213,214,215,216,217,218,219,220,221,222,223,224,225,
			226,227,228,229,230,231,232,233,234,235,236,237,238,239,240,241,242,243,244,245,246,247,248,249,250,251,252,
			253,254,255,256,257,258,259,260,261,262,263,264,265,266,267,268,269,270,271,272,273,274,275,276,277,278,279,
			280,281,282,283,284,285,286,287,288,289,290,291,292,293,294,295,296,297,298,299,300,301,302,303,304,305,306,},
			title = OldLang.MiscConfig.MoneyTitle324,
			desc = OldLang.MiscConfig.MoneyTip324,
			level = 200,						--等级限制（作为过滤条件）
			circle = 99,						--转数限制（作为过滤条件）
			isShowAwards = true,					--是否显示配置的奖励数据
			fun = OldLang.MiscConfig.MoneyGet324,
		},
		{	id = 28,									--恶祭之狐
			moneyTypes = {},
			itemIds = {
			145,146,147,148,149,150,151,152,153,154,155,156,157,158,159,160,161,162,163,164,165,166,167,168,169,170,171,
			172,173,174,175,176,177,178,179,180,181,182,183,184,185,186,187,188,189,190,191,192,193,194,195,196,197,198,
			199,200,201,202,203,204,205,206,207,208,209,210,211,212,213,214,215,216,217,218,219,220,221,222,223,224,225,
			226,227,228,229,230,231,232,233,234,235,236,237,238,239,240,241,242,243,244,245,246,247,248,249,250,251,252,
			253,254,255,256,257,258,259,260,261,262,263,264,265,266,267,268,269,270,271,272,273,274,275,276,277,278,279,
			280,281,282,283,284,285,286,287,288,289,290,291,292,293,294,295,296,297,298,299,300,301,302,303,304,305,306,},
			title = OldLang.MiscConfig.MoneyTitle325,
			desc = OldLang.MiscConfig.MoneyTip325,
			level = 200,						--等级限制（作为过滤条件）
			circle = 99,						--转数限制（作为过滤条件）
			isShowAwards = true,					--是否显示配置的奖励数据
			fun = OldLang.MiscConfig.MoneyGet325,
		},
		{	id = 29,									--源火魔兽
			moneyTypes = {},
			itemIds = {
			145,146,147,148,149,150,151,152,153,154,155,156,157,158,159,160,161,162,163,164,165,166,167,168,169,170,171,
			172,173,174,175,176,177,178,179,180,181,182,183,184,185,186,187,188,189,190,191,192,193,194,195,196,197,198,
			199,200,201,202,203,204,205,206,207,208,209,210,211,212,213,214,215,216,217,218,219,220,221,222,223,224,225,
			226,227,228,229,230,231,232,233,234,235,236,237,238,239,240,241,242,243,244,245,246,247,248,249,250,251,252,
			253,254,255,256,257,258,259,260,261,262,263,264,265,266,267,268,269,270,271,272,273,274,275,276,277,278,279,
			280,281,282,283,284,285,286,287,288,289,290,291,292,293,294,295,296,297,298,299,300,301,302,303,304,305,306,},
			title = OldLang.MiscConfig.MoneyTitle326,
			desc = OldLang.MiscConfig.MoneyTip326,
			level = 200,						--等级限制（作为过滤条件）
			circle = 99,						--转数限制（作为过滤条件）
			isShowAwards = true,					--是否显示配置的奖励数据
			fun = OldLang.MiscConfig.MoneyGet326,
		},
		{	id = 30,									--兽王之影
			moneyTypes = {},
			itemIds = {91,92,93,94,95,96,97,98,99,100,101,102,103,104,105,106,107,108,109,110,111,112,113,114,115,116,117},
			title = OldLang.MiscConfig.MoneyTitle327,
			desc = OldLang.MiscConfig.MoneyTip327,
			level = 200,						--等级限制（作为过滤条件）
			circle = 0,						--转数限制（作为过滤条件）
			isShowAwards = true,					--是否显示配置的奖励数据
			fun = OldLang.MiscConfig.MoneyGet327,
		},
		{	id = 31,									--邪龙之影
			moneyTypes = {},
			itemIds = {
			91,92,93,94,95,96,97,98,99,100,101,102,103,104,105,106,107,108,109,110,111,112,113,114,115,116,117,
			118,119,120,121,122,123,124,125,126,127,128,129,130,131,132,133,134,135,136,137,138,139,140,141,142,143,144},
			title = OldLang.MiscConfig.MoneyTitle328,
			desc = OldLang.MiscConfig.MoneyTip328,
			level = 200,						--等级限制（作为过滤条件）
			circle = 0,						--转数限制（作为过滤条件）
			isShowAwards = true,					--是否显示配置的奖励数据
			fun = OldLang.MiscConfig.MoneyGet328,
		},
		{	id = 32,									--猪王之影
			moneyTypes = {},
			itemIds = {
			91,92,93,94,95,96,97,98,99,100,101,102,103,104,105,106,107,108,109,110,111,112,113,114,115,116,117,
			118,119,120,121,122,123,124,125,126,127,128,129,130,131,132,133,134,135,136,137,138,139,140,141,142,143,144,
			145,146,147,148,149,150,151,152,153,154,155,156,157,158,159,160,161,162,163,164,165,166,167,168,169,170,171},
			title = OldLang.MiscConfig.MoneyTitle329,
			desc = OldLang.MiscConfig.MoneyTip329,
			level = 200,						--等级限制（作为过滤条件）
			circle = 1,						--转数限制（作为过滤条件）
			isShowAwards = true,					--是否显示配置的奖励数据
			fun = OldLang.MiscConfig.MoneyGet329,
		},
		{	id = 33,									--魔主之影
			moneyTypes = {},
			itemIds = {
			118,119,120,121,122,123,124,125,126,127,128,129,130,131,132,133,134,135,136,137,138,139,140,141,142,143,144,
			145,146,147,148,149,150,151,152,153,154,155,156,157,158,159,160,161,162,163,164,165,166,167,168,169,170,171,
			172,173,174,175,176,177,178,179,180,181,182,183,184,185,186,187,188,189,190,191,192,193,194,195,196,197,198,
			199,200,201,202,203,204,205,206,207,208,209,210,211,212,213,214,215,216,217,218,219,220,221,222,223,224,225,},
			title = OldLang.MiscConfig.MoneyTitle330,
			desc = OldLang.MiscConfig.MoneyTip330,
			level = 200,						--等级限制（作为过滤条件）
			circle = 3,						--转数限制（作为过滤条件）
			isShowAwards = true,					--是否显示配置的奖励数据
			fun = OldLang.MiscConfig.MoneyGet330,
		},
		{	id = 34,									--妖母之影
			moneyTypes = {},
			itemIds = {
			145,146,147,148,149,150,151,152,153,154,155,156,157,158,159,160,161,162,163,164,165,166,167,168,169,170,171,
			172,173,174,175,176,177,178,179,180,181,182,183,184,185,186,187,188,189,190,191,192,193,194,195,196,197,198,
			199,200,201,202,203,204,205,206,207,208,209,210,211,212,213,214,215,216,217,218,219,220,221,222,223,224,225,
			226,227,228,229,230,231,232,233,234,235,236,237,238,239,240,241,242,243,244,245,246,247,248,249,250,251,252,
			253,254,255,256,257,258,259,260,261,262,263,264,265,266,267,268,269,270,271,272,273,274,275,276,277,278,279,},
			title = OldLang.MiscConfig.MoneyTitle331,
			desc = OldLang.MiscConfig.MoneyTip331,
			level = 200,						--等级限制（作为过滤条件）
			circle = 5,						--转数限制（作为过滤条件）
			isShowAwards = true,					--是否显示配置的奖励数据
			fun = OldLang.MiscConfig.MoneyGet331,
		},]]
		{	id = 35,									--摇钱树
			moneyTypes = {3},				
			itemIds = {},						
			title = OldLang.MiscConfig.MoneyTitle003,			
			desc = OldLang.MiscConfig.MoneyTip003,
			level = 200,						--等级限制（作为过滤条件）
			circle = 99,						--转数限制（作为过滤条件）
			isShowAwards = true,					--是否显示配置的奖励数据
			fun = OldLang.MiscConfig.MoneyGet003,
		},
		{	id = 36,									--材料副本
			moneyTypes = {25,30,31},				
			itemIds = {},						
			title = OldLang.MiscConfig.MoneyTitle004,			
			desc = OldLang.MiscConfig.MoneyTip004,
			level = 200,						--等级限制（作为过滤条件）
			circle = 99,						--转数限制（作为过滤条件）
			isShowAwards = true,					--是否显示配置的奖励数据
			fun = OldLang.MiscConfig.MoneyGet004,
		},
		{	id = 37,									--怪物攻城-BOSS来袭（葬魂夜行者，百面邪尊，千手恶灵）
			moneyTypes = {25,26},				
			itemIds = {
			91,92,93,94,95,96,97,98,99,100,101,102,103,104,105,106,107,108,109,110,111,112,113,114,115,116,117,
			118,119,120,121,122,123,124,125,126,127,128,129,130,131,132,133,134,135,136,137,138,139,140,141,142,143,144,
			145,146,147,148,149,150,151,152,153,154,155,156,157,158,159,160,161,162,163,164,165,166,167,168,169,170,171,
			172,173,174,175,176,177,178,179,180,181,182,183,184,185,186,187,188,189,190,191,192,193,194,195,196,197,198},						
			title = OldLang.MiscConfig.MoneyTitle005,			
			desc = OldLang.MiscConfig.MoneyTip005,
			level = 200,						--等级限制（作为过滤条件）
			circle = 99,						--转数限制（作为过滤条件）
			isShowAwards = true,					--是否显示配置的奖励数据
			fun = OldLang.MiscConfig.MoneyGet005,
		},
		{	id = 38,									--闯天关
			moneyTypes = {},				
			itemIds = {1107},						
			title = OldLang.MiscConfig.MoneyTitle006,			
			desc = OldLang.MiscConfig.MoneyTip006,
			level = 200,						--等级限制（作为过滤条件）
			circle = 1,						--转数限制（作为过滤条件）
			isShowAwards = false,					--是否显示配置的奖励数据
			fun = OldLang.MiscConfig.MoneyGet006,
		},
		{	id = 39,									--职业宗师
			moneyTypes = {3,5,22,26,30,33},				
			itemIds = {1108,1182,1183,1184,1185,1186,1187,1188,1189,1190,1191,1192,1193,1194,1195,1196,1197,1198,1199,1200,1201,1202,1203,1204,1205,1206,1207,1208,1209,1210,1211,1212,1213,1214,1215,1216,1217,1218,1219,1220,1221,1222,1223,1224,1225,1226,1227,1228,1229,},						
			title = OldLang.MiscConfig.MoneyTitle008,			
			desc = OldLang.MiscConfig.MoneyTip008,
			level = 200,						--等级限制（作为过滤条件）
			circle = 99,						--转数限制（作为过滤条件）
			isShowAwards = false,					--是否显示配置的奖励数据
			fun = OldLang.MiscConfig.MoneyGet008,
		},
		{	id = 40,									--英雄城战
			moneyTypes = {3,26,30,},				
			itemIds = {1102,1104,1112,1118,1124},						
			title = OldLang.MiscConfig.MoneyTitle009,			
			desc = OldLang.MiscConfig.MoneyTip009,
			level = 200,						--等级限制（作为过滤条件）
			circle = 99,						--转数限制（作为过滤条件）
			isShowAwards = false,					--是否显示配置的奖励数据
			fun = OldLang.MiscConfig.MoneyGet009,
		},
		{	id = 41,									--宝藏传说
			moneyTypes = {3,25,26},				
			itemIds = {1093,1094,},						
			title = OldLang.MiscConfig.MoneyTitle010,			
			desc = OldLang.MiscConfig.MoneyTip010,
			level = 200,						--等级限制（作为过滤条件）
			circle = 99,						--转数限制（作为过滤条件）
			isShowAwards = false,					--是否显示配置的奖励数据
			fun = OldLang.MiscConfig.MoneyGet010,
		},
		{	id = 42,									--火域混战
			moneyTypes = {3},				
			itemIds = {},						
			title = OldLang.MiscConfig.MoneyTitle011,			
			desc = OldLang.MiscConfig.MoneyTip011,
			level = 200,						--等级限制（作为过滤条件）
			circle = 99,						--转数限制（作为过滤条件）
			isShowAwards = false,					--是否显示配置的奖励数据
			fun = OldLang.MiscConfig.MoneyGet011,
		},
		{	id = 43,									--雪原争夺
			moneyTypes = {31,},				
			itemIds = {1121,},						
			title = OldLang.MiscConfig.MoneyTitle012,			
			desc = OldLang.MiscConfig.MoneyTip012,
			level = 200,						--等级限制（作为过滤条件）
			circle = 99,						--转数限制（作为过滤条件）
			isShowAwards = false,					--是否显示配置的奖励数据
			fun = OldLang.MiscConfig.MoneyGet012,
		},
		{	id = 44,									--魔灵秘宝
			moneyTypes = {31,},				
			itemIds = {1121,},						
			title = OldLang.MiscConfig.MoneyTitle013,			
			desc = OldLang.MiscConfig.MoneyTip013,
			level = 200,						--等级限制（作为过滤条件）
			circle = 99,						--转数限制（作为过滤条件）
			isShowAwards = false,					--是否显示配置的奖励数据
			fun = OldLang.MiscConfig.MoneyGet013,
		},
		{	id = 45,									--神炉
			moneyTypes = {},				
			itemIds = {469,470,471,472,473,474,475,476,477,478,479,480,481,482,483,484,485,486,487,488,489,490,491,492,493,494,495,496,497,498,499,500,501,502,503,504,505,506,507,508,509,510,511,512,513,514,515,516,517,518,519,520,521,522,523,524,525,526,527,528,529,530,531,532,533,534,535,536,537,538,539,540,541,542,543,544,545,546,547,548,549,550,551,552,553,554,555,556,557,558,559,560,561,562,563,564,565,566,567,568,569,570,571,572,573,574,575,576,577,578,579,580,581,582,583,584,585,586,587,588,589,590,591,592,593,594,595,596,597,598,599,600,601,602,603,604,605,606,607,608,609,610,611,612,613,614,615,616,617,618,619,620,621,622,623,624,625,626,627,628,629,630,631,632,633,634,635,636,637,638,639,640,641,642,643,644,645,646,647,648,649,650,651,652,653,654,655,656,657,658,659,660,661,662,663,664,665,666,667,668,669,670,671,672,673,674,675,676,677,678,679,680,681,682,683,684,685,686,687,688,689,690,691,692,693,694,695,696,697,698,699,700,701,702,703,704,705,706,707,708,709,710,711,712,713,714,715,716,717,718,719,720,721,722,723,724,725,726,727,728,729,730,731,732,733,734,735,736,737,738,739,740,741,742,743,744,745,746,747,748,749,750,751,752,753,754,755,756,757,758,759,760,761,762,763,764,765,766,767,768,769,770,771,772,773,774,775,776,777,778,779,780,781,782,783,784,785,786,787,788,789,790,791,792,793,794,795,796,797,798,799,800,801,802,803,804,805,806,807,808,809,810,811,812,813,814,815,816,817,818,819,820,821,822,823,824,825,826,827,828,829,830,831,832,833,834,835,836,837,838,839,840,841,842,843,844,845,846,847,848,849,850,851,852,853,854,855,856,857,858,859,860,861,862,863,864,865,866,867,868,869,870,871,872,873,874,875,876,877,878,879,880,881,882,883,884,885,886,887,888,889,890,891,892,893,894,895,896,897,898,899,900,901,902,903,904,905,906,907,908,909,910,911,912,913,914,915,916,917,918,919,920,921,922,923,924,925,926,927,928,929,930,931,932,933,934,935,936,937,938,939,940,941,942,943,944,945,946,947,948,949,950,951,952,953,954,955,956,957,958,959,960,961,962,963,964,965,966,967,968,969,970,971,972,973,974,975,976,977,978,979,980,981,982,983,984,985,986,987,988,989,990,991,992,993,994,995,996,997,998,999,1000,1001,1002,1003,1004,1005,1006,1007,1008,1009,1010,1011,1012,1013,1014,1015,1016,1017,1018,1019,1020,1021,1022,1023,1024,1025,1026,1027,1028,1029,1030,1031,1032,1033,1034,1035,1036,1037,1038,1039,1040,1041,1042,1043,1044,1045,1046,1047,1048,1049,1050,1051,1052,1053,1054,1055,1056,1057,1058,1059,1060,1061,1062,1063,1064,1065,1066,1067,1068,},						
			title = OldLang.MiscConfig.MoneyTitle014,			
			desc = OldLang.MiscConfig.MoneyTip014,
			level = 200,						--等级限制（作为过滤条件）
			circle = 99,						--转数限制（作为过滤条件）
			isShowAwards = true,					--是否显示配置的奖励数据
			fun = OldLang.MiscConfig.MoneyGet014,
		},
		{	id = 46,										--【绑元商城】
			moneyTypes = {22,25, 26, 30, 31},				
			itemIds = {1102,1112,1115,1118,1121,1107,1070,1231,1230,},
			title = OldLang.MiscConfig.MoneyTitle015,			
			desc = OldLang.MiscConfig.MoneyTip015,
			level = 200,						--等级限制（作为过滤条件）
			circle = 99,						--转数限制（作为过滤条件）
			isShowAwards = false,					--是否显示配置的奖励数据
			fun = OldLang.MiscConfig.MoneyGet015,
		},
		{	id = 47,										--【神秘商城】
			moneyTypes = {3,25, 26, 30, 31},				
			itemIds = {
			1108,1092,1179,1180,1181,1182,1183,1184,1185,1186,1187,1188,1189,1190,1191,1192,1193,1194,1195,1196,1197,
			1198,1199,1200,1201,1202,1203,1204,1205,1206,1207,1208,1209,1210,1211,1212,1213,1214,1215,1216,1217,1218,
			1219,1220,1221,1222,1223,1224,1225,1226,1227,1228,1229,1102,1113,1121,1122,1116,1107,1257,1290,1070,
			},
			title = OldLang.MiscConfig.MoneyTitle016,			
			desc = OldLang.MiscConfig.MoneyTip016,
			level = 200,						--等级限制（作为过滤条件）
			circle = 99,						--转数限制（作为过滤条件）
			isShowAwards = false,					--是否显示配置的奖励数据
			fun = OldLang.MiscConfig.MoneyGet016,
		},
		{	id = 48,										--【积分商城】
			moneyTypes = {3,14,22,25, 26, 30, 31},				
			itemIds = {1260,1261,1231,1121,1122,1118,1119,1256,1257},
			title = OldLang.MiscConfig.MoneyTitle017,			
			desc = OldLang.MiscConfig.MoneyTip017,
			level = 200,						--等级限制（作为过滤条件）
			circle = 99,						--转数限制（作为过滤条件）
			isShowAwards = false,					--是否显示配置的奖励数据
			fun = OldLang.MiscConfig.MoneyGet017,
		},
		{	id = 49,										--【锁妖塔】
			moneyTypes = {},				
			itemIds = {
			199,200,201,202,203,204,205,206,207,208,209,210,211,212,213,214,215,216,217,218,219,220,221,222,223,224,225,
			226,227,228,229,230,231,232,233,234,235,236,237,238,239,240,241,242,243,244,245,246,247,248,249,250,251,252,
			253,254,255,256,257,258,259,260,261,262,263,264,265,266,267,268,269,270,271,272,273,274,275,276,277,278,279,
			280,281,282,283,284,285,286,287,288,289,290,291,292,293,294,295,296,297,298,299,300,301,302,303,304,305,306,},
			title = OldLang.MiscConfig.MoneyTitle018,			
			desc = OldLang.MiscConfig.MoneyTip018,
			level = 200,						--等级限制（作为过滤条件）
			circle = 99,						--转数限制（作为过滤条件）
			isShowAwards = false,					--是否显示配置的奖励数据
			fun = OldLang.MiscConfig.MoneyGet018,
		},
		{	id = 50,										--【行会魔窟】
			moneyTypes = {},				
			itemIds = {
			118,119,120,121,122,123,124,125,126,127,128,129,130,131,132,133,134,135,136,137,138,139,140,141,142,143,144,
			145,146,147,148,149,150,151,152,153,154,155,156,157,158,159,160,161,162,163,164,165,166,167,168,169,170,171,
			172,173,174,175,176,177,178,179,180,181,182,183,184,185,186,187,188,189,190,191,192,193,194,195,196,197,198,
			199,200,201,202,203,204,205,206,207,208,209,210,211,212,213,214,215,216,217,218,219,220,221,222,223,224,225,
			226,227,228,229,230,231,232,233,234,235,236,237,238,239,240,241,242,243,244,245,246,247,248,249,250,251,252,},
			title = OldLang.MiscConfig.MoneyTitle019,			
			desc = OldLang.MiscConfig.MoneyTip019,
			level = 200,						--等级限制（作为过滤条件）
			circle = 99,						--转数限制（作为过滤条件）
			isShowAwards = false,					--是否显示配置的奖励数据
			fun = OldLang.MiscConfig.MoneyGet019,
		},
		{	id = 51,										--【圣兽幽谷】
			moneyTypes = {},				
			itemIds = {
			145,146,147,148,149,150,151,152,153,154,155,156,157,158,159,160,161,162,163,164,165,166,167,168,169,170,171,
			172,173,174,175,176,177,178,179,180,181,182,183,184,185,186,187,188,189,190,191,192,193,194,195,196,197,198,
			199,200,201,202,203,204,205,206,207,208,209,210,211,212,213,214,215,216,217,218,219,220,221,222,223,224,225,
			226,227,228,229,230,231,232,233,234,235,236,237,238,239,240,241,242,243,244,245,246,247,248,249,250,251,252,
			253,254,255,256,257,258,259,260,261,262,263,264,265,266,267,268,269,270,271,272,273,274,275,276,277,278,279,
			280,281,282,283,284,285,286,287,288,289,290,291,292,293,294,295,296,297,298,299,300,301,302,303,304,305,306,},
			title = OldLang.MiscConfig.MoneyTitle020,			
			desc = OldLang.MiscConfig.MoneyTip020,
			level = 200,						--等级限制（作为过滤条件）
			circle = 99,						--转数限制（作为过滤条件）
			isShowAwards = false,					--是否显示配置的奖励数据
			fun = OldLang.MiscConfig.MoneyGet020,
		},
		{	id = 52,										--【功勋系统】
			moneyTypes = {5,14,23},				
			itemIds = {
			1232,1115,1248,1249,1250,1251},
			title = OldLang.MiscConfig.MoneyTitle021,			
			desc = OldLang.MiscConfig.MoneyTip021,
			level = 200,						--等级限制（作为过滤条件）
			circle = 99,						--转数限制（作为过滤条件）
			isShowAwards = false,					--是否显示配置的奖励数据
			fun = OldLang.MiscConfig.MoneyGet021,
		},
		{	id = 53,										--【个人试炼】
			moneyTypes = {5},				
			itemIds = {
			1103,1249,1279,1102,1107,1379},
			title = OldLang.MiscConfig.MoneyTitle023,			
			desc = OldLang.MiscConfig.MoneyTip023,
			level = 200,						--等级限制（作为过滤条件）
			circle = 99,						--转数限制（作为过滤条件）
			isShowAwards = false,					--是否显示配置的奖励数据
			fun = OldLang.MiscConfig.MoneyGet023,
		},
		{	id = 54,										--【在线奖励】
			moneyTypes = {3,5},				
			itemIds = {
			1093,1124,1255,1331,},
			title = OldLang.MiscConfig.MoneyTitle024,			
			desc = OldLang.MiscConfig.MoneyTip024,
			level = 200,						--等级限制（作为过滤条件）
			circle = 99,						--转数限制（作为过滤条件）
			isShowAwards = false,					--是否显示配置的奖励数据
			fun = OldLang.MiscConfig.MoneyGet024,
		},
	}
}